1300
6300
5970
505
4725
1505
3035
5130
6500
1600
3635
7400
1575
5100
1405
6100
7510
425
8200
8805
6745
4400
8600
9360
8100
3775
8600
2200
7880
5550
2800
3205
3205
8400
3830
4200
8400
6900
2425
5780
2000
6660
6555
8765
2200
2200
3000
3000
7485
6005
9100
3225
4500
6800
8965
8900
600
2825
4800
625
3305
3100
1500
9100
525
3200
8200
3925
1100
2940
8390
3700
8155
6460
1700
7355
2405
625
2755
300
1600
9080
625
8135
4405
5135
4005
2600
925
9000
7600
3000
6160
8355
8460
6300
5500
2200
7625
2930
300
1605
6255
3300
4800
5180
8890
800
3055
2950
2300
7600
8435
9400
5730
7165
9200
3600
3300
7300
1300
6700
3635
1200
5000
1600
1000
3825
3005
7000
4500
4500
9300
7355
1800
8280
1200
1900
7510
2400
9300
4530
2125
8730
6700
300
2905
9230
4200
6605
5960
1525
7945
1810
600
4060
5200
8920
4125
4845
5875
4835
4100
4525
9060
4055
3105
9400
905
5785
8900
7905
2805
7500
625
2855
2700
8565
8685
3300
4130
4630
8565
1200
7400
2350
300
6700
700
8500
6605
5230
8800
2505
1100
500
4400
3000
400
600
600
8950
6885
4800
5900
1205
2000
6885
3730
8920
5165
8580
6505
2125
1600
5710
4945
6405
6000
3935
2900
8505
2125
1930
2055
1400
6160
2605
9040
2100
1425
5025
7300
700
6000
4550
1200
7800
1530
6005
2150
4900
8600
5435
5125
7325
1500
4000
1750
5625
6200
8800
6785
3430
5500
4675
9000
9060
5030
6875
7400
4335
5205
6035
4325
4365
2300
4830
1205
8150
5635
6800
600
8100
3350
1400
4455
3605
5755
3305
700
7430
5800
5230
6320
2225
4500
2000
1000
8635
500
6405
6765
4430
5800
4200
6400
5500
5600
6200
6510
8530
1225
7000
2700
1100
4980
4125
6700
1725
8700
2205
6405
6800
6130
9400
300
7300
8455
3725
8740
2305
500
3000
7445
4600
6350
7200
2330
2400
4600
5430
1400
6150
6585
3955
500
6075
2400
5000
2125
2300
4800
6225
6830
1105
3805
4500
3025
9000
6800
8400
3735
7110
8800
5660
3050
2800
9000
5300
900
1525
900
2700
8800
9000
2705
7000
3000
1300
7900
5805
5735
6930
4400
7735
4925
6050
2310
4760
1800
1100
3000
7980
8885
8300
2205
6900
3025
1125
2100
2900
2700
4100
2425
3800
3200
1900
1000
5635
5435
4900
4105
700
7000
3230
4225
6625
1600
4000
9400
200
3505
8300
3700
8265
8800
4130
3975
1800
2325
1000
6400
5605
1400
9000
2625
2400
7480
7540
9055
8640
8100
7500
9400
3605
2935
4000
6000
2300
9400
6585
1400
4135
1300
4535
1400
2030
8165
3310
7710
9000
600
6590
2800
9000
3030
5970
2975
6560
525
1310
6100
4600
3725
500
1605
5425
5850
8830
7280
4800
2650
2205
9005
4930
1300
3485
1405
7060
5805
2500
7200
3410
5300
2935
1200
7675
7470
6055
1810
4500
8700
8265
2625
900
1025
3950
6355
1250
400
6500
4525
3500
6855
3735
1800
1400
9000
8515
8360
4030
3300
7910
4835
2430
700
8000
6490
4905
2905
3100
2800
2700
3130
8400
6500
4300
8070
1700
3000
4655
800
4630
8025
1825
3125
300
6155
8700
3600
4605
2750
4200
1005
500
3400
8700
2800
4940
4540
7400
6825
9255
700
1300
6330
8200
9010
4910
5175
8385
8790
8100
3800
3150
2425
3500
4680
2325
6665
3535
4900
1600
2500
3605
6900
3030
1625
6475
805
7490
1005
3900
5400
2705
5300
7580
4900
9600
2225
1900
8230
5500
8460
3300
5200
2825
5365
700
7785
600
6460
7800
5980
7735
8650
3200
9600
1100
8700
3155
200
1500
1625
1300
2030
6690
7355
6585
8055
5560
2510
7400
7830
850
3800
3100
9600
400
1855
4800
1805
6025
1400
7000
8405
5800
600
7280
4725
2200
8560
6715
7100
4025
6730
1700
6000
7280
2900
4800
5100
600
5760
700
4125
7715
6875
6505
7525
1000
6450
6645
2900
8935
7500
3300
1200
825
6960
4400
6400
5200
2500
6400
4710
7160
5105
5300
9035
8800
5800
5955
8905
1705
8280
1225
8010
4805
7200
800
5740
7430
2100
2600
5630
7400
6080
5025
7755
6935
3000
6555
7600
1705
3250
8305
8565
6800
1825
8600
3000
2625
7340
6705
1200
6155
3300
1600
7745
3300
5530
4600
1900
9200
8100
7235
5800
2500
3500
4850
2000
3030
4000
7000
8900
3900
8780
8955
1000
5800
2900
7265
4000
1400
2000
3330
2510
8385
5555
2225
500
8785
1500
4955
7325
2225
4300
9300
1200
600
6615
7000
7185
5100
1000
1700
8280
1300
4125
2905
7000
4650
5200
500
7035
4005
5800
605
1550
3600
1800
8885
1400
2100
5635
800
6655
8400
1200
4755
3550
9800
8925
5550
1500
1200
4550
4750
2505
4900
6990
4350
2750
2400
7800
7235
1400
4030
1105
6600
7175
6435
5940
205
800
5505
1000
5300
5450
8010
8300
6300
2325
7630
5490
2250
2800
5575
3125
8605
7235
6300
1000
5420
1125
3855
8950
8735
300
500
7820
1000
6630
6905
5200
1325
6880
2400
1105
8115
6800
3700
9600
5755
8360
5600
3500
700
2100
2600
3705
7955
3900
2405
4525
7890
5800
10000
1500
8265
9100
6330
4200
5130
8935
2725
4900
1500
8260
7630
6435
8000
6200
8125
3125
9700
9085
2900
4100
7740
3300
1000
6600
7300
2300
8105
6455
8170
8165
9000
6800
1800
8725
6335
4415
5665
6860
8080
8655
6800
3400
3900
3405
5800
9160
7800
7805
9500
3225
2700
4425
1955
4560
8430
700
2405
6400
5100
2705
5050
4300
3100
1325
6555
4025
2955
7785
7770
2500
4900
1205
4015
6300
4830
3425
2100
3425
3330
1530
3185
2000
6400
6410
8005
1800
8890
6260
8985
1000
400
1615
1200
5600
7960
6900
7060
6725
1700
7050
4980
7000
500
3725
3530
1700
5600
4930
1500
8255
4900
5805
4300
3300
8145
5300
4125
3700
3900
1330
2800
8400
7950
3425
800
7900
700
6700
7120
